59 518 514 874 255 972 855 537
52 775 138 337 562 291 078 274
87 868 772 576 659 632 327 033
16 217 632 602 174 179 366 786
28 205 316 807 727 337 777 172
85 326 629 271 707 745 507 651
33 451 073 065 156 327 318 781
77 634 126 375 848 587 313 368
56 303 722 847 216 224 472 382
15 225 585 858 286 295 377 355
21 610 373 444 683 679 248 785
55 272 748 742 482 215 100 369
85 213 474 225 143 602 511 361
06 686 896 530 087 463 133 345
47 361 273 725 440 381 227 627
57 261 311 015 820 869 827 030
08 706 564 453 030 137 860 415
15 606 804 812 364 506 657 467
27 541 851 271 238 987 641 374
79 510 599 813 496 831 744 865
61 724 251 171 252 850 216 569
69 865 050 242 865 835 130 453
65 121 455 635 833 764 473 988
08 473 547 755 479 982 854 254
73 567 768 195 188 066 633 282
23 855 810 765 020 312 731 697
06 352 849 352 472 126 141 083
73 920 436 467 072 785 386 136
07 365 365 826 201 833 018 014
33 993 128 853 635 058 852 813
18 048 891 123 433 667 964 668
56 417 577 631 276 136 382 636
73 607 245 486 100 577 624 162
08 243 226 533 613 312 064 748
76 445 475 876 243 763 718 382
04 024 848 503 363 374 369 775
06 516 677 743 153 401 634 147
16 342 887 976 364 593 773 273
36 666 470 670 127 610 229 183
92 748 585 786 136 778 453 671
85 156 411 019 405 581 438 386
00 519 413 717 742 920 263 807
33 744 261 774 364 634 932 614
71 072 125 772 432 639 882 442
39 143 222 266 781 768 453 245
76 578 613 153 505 288 112 364
32 879 462 852 768 697 683 872
35 265 165 365 523 537 665 552
01 849 334 544 583 291 585 251
67 328 302 785 532 653 312 756
82 643 284 032 918 217 879 485
19 533 495 587 363 726 674 527
70 441 607 160 863 272 602 850
74 701 747 087 661 814 862 111
29 361 632 416 667 644 276 316
25 074 388 618 849 235 226 267
65 754 228 533 730 515 955 880
78 048 573 157 524 717 427 702
55 531 759 578 036 387 539 912
66 755 515 222 244 154 064 805
41 636 181 958 568 298 255 443
83 756 601 382 176 888 936 094
06 423 138 724 222 565 812 938
38 954 164 642 428 221 754 386
26 272 772 217 156 327 755 854
08 634 513 512 825 167 866 884
28 876 335 722 656 872 742 442
87 314 183 241 904 611 311 628
46 522 282 321 238 830 704 370
28 291 634 814 583 984 345 200
87 761 694 758 977 861 248 152
85 307 906 570 384 574 754 177
65 471 672 949 306 386 744 714
18 144 410 205 831 409 418 133
82 783 571 844 113 804 822 612
66 728 441 616 557 865 642 370
54 386 478 857 686 187 145 217
38 026 572 189 832 502 595 842
21 353 845 096 368 436 672 978
59 292 573 524 750 342 189 482
64 271 544 346 587 149 014 770
85 612 964 025 418 512 188 753
16 147 496 132 587 567 911 427
15 054 143 443 877 538 848 896
37 603 734 114 447 417 538 702
54 146 476 285 880 712 325 411
15 881 423 873 225 490 420 487
67 307 145 428 833 358 356 189
67 727 652 898 461 610 384 722
24 634 244 893 424 514 353 618
44 348 826 111 218 313 335 287
20 719 974 200 106 253 216 201
22 022 619 244 833 192 403 866
43 562 462 205 729 638 813 765
11 217 135 616 871 382 386 966
Ni ght wiz ard 566 174 225 011
22 976 769 162 285 710 164 484
77 395 353 263 728 047 248 666
75 651 641 155 651 662 116 431
49 051 833 596 213 073 619 166
82 735 848 453 476 489 423 133
80 194 381 373 802 368 054 916
14 122 502 988 527 097 836 148
22 667 445 643 313 545 513 455
44 121 711 954 469 288 931 042
44 331 180 078 737 033 895 881
32 483 836 604 447 856 686 774
72 612 631 709 137 871 229 851
56 287 053 602 629 507 072 442
83 802 481 763 912 827 546 587
35 137 541 727 717 424 867 350
45 172 736 142 476 548 132 771
53 292 634 907 432 291 474 378
62 879 315 320 822 433 877 162
67 864 412 880 530 447 670 811
23 023 728 819 415 205 654 116
61 725 306 138 441 646 593 193
68 575 374 686 823 418 269 432
76 198 415 764 238 827 561 534
ea rth wiz ard 002 307 564 583
86 005 358 450 136 416 554 324
93 557 420 285 315 864 661 623
21 269 445 201 716 056 053 791
90 653 878 234 352 212 396 831
36 247 483 257 324 412 776 653
70 337 678 281 125 914 177 461
02 405 170 222 332 183 732 260
79 886 734 762 417 503 661 334
47 836 773 564 658 852 145 316
25 274 252 137 332 813 671 125
33 314 418 366 153 545 745 373
64 552 543 076 932 420 593 335
gh ost 541 240 158 544 379 456
45 571 099 645 557 783 158 876
10 155 676 763 747 002 749 676
66 466 483 288 768 315 256 322
52 198 774 650 151 496 712 114
71 260 383 745 976 453 476 222
ove r83 2d5 351 078 625 595 722
21 802 158 506 827 790 254 484
38 735 452 215 082 953 134 722
47 795 203 748 419 744 734 795
68 221 556 360 543 707 529 819
45 875 684 867 504 500 338 666
28 344 854 667 166 232 870 151
02 929 128 297 274 850 755 412
04 217 210 265 954 584 281 616
07 498 545 253 436 484 442 077
22 740 710 610 255 885 731 362
74 724 045 560 568 842 838 317
ma 046 gmo 322 s16 947 918 625
16 128 2d4 5e8 5m8 6o3 9n2 264
47 564 721 751 553 362 426 728
48 105 372 855 867 882 442 038
23 875 592 876 113 482 457 445
88 671 641 566 940 182 687 866
28 265 787 008 915 329 334 054
55 842 441 600 565 066 466 355
64 585 243 461 641 076 512 231
35 772 436 587 746 503 243 673
35 373 711 195 253 747 641 052
63 560 564 320 424 633 482 186
54 531 777 252 324 520 217 234
36 034 107 557 899 759 497 803
18 762 150 616 556 871 924 799
06 764 161 932 772 101 352 354
71 376 761 714 424 126 311 498
21 281 684 744 037 563 363 113
52 086 660 527 858 367 074 217
21 563 306 290 677 278 612 302
63 952 535 667 532 628 723 698
84 115 779 449 832 275 642 079
20 188 428 735 037 265 747 447
22 844 819 961 631 087 622 756
18 212 727 527 865 178 283 321
38 394 257 455 417 519 118 418
ai r5w iza rd7 III 141 674 658
18 841 502 089 328 764 328 737
55 787 882 374 045 589 150 512
04 762 543 869 867 846 894 124
33 523 581 688 513 134 551 260
34 106 335 752 634 617 772 136
19 998 288 531 625 416 131 088
56 568 424 048 412 628 866 612
66 003 767 238 916 498 342 280
76 283 722 504 113 033 888 152
56 113 446 631 731 266 554 324
64 887 482 166 415 013 104 222
43 454 173 738 855 684 223 772
65 371 064 646 495 116 843 726
18 783 743 068 760 501 420 628
ti me5 wiz ard 787 718 602 380
77 779 149 995 389 511 623 533
18 465 186 447 484 124 564 818
89 643 551 285 430 140 621 209
91 837 531 854 176 252 792 277
24 764 421 422 176 758 850 619
78 645 752 858 663 604 190 592
72 260 049 131 424 322 762 841
55 672 211 263 621 817 848 535
13 924 411 809 172 445 846 452
56 427 124 663 253 544 218 503
16 121 546 529 453 159 627 670
55 712 832 633 123 248 463 452
73 198 868 770 576 969 671 541
64 472 642 482 858 683 386 725
Ar 5ti 514 8fa 255 cts 855 537
52 775 138 337 562 291 078 274
87 868 772 576 659 632 327 033
16 217 632 602 174 179 366 786
28 205 316 807 727 337 777 172
85 326 629 271 707 745 507 651
33 451 073 065 156 327 318 781
77 634 126 375 848 587 313 368
56 303 722 847 216 224 472 382
15 225 585 858 286 295 377 355
21 610 373 444 683 679 248 785
55 272 748 742 482 215 100 369
85 213 474 225 143 602 511 361
06 686 896 530 087 463 133 345
47 361 273 725 440 381 227 627
57 261 311 015 820 869 827 030
08 706 564 453 030 137 860 415
15 606 804 812 364 506 657 467
27 541 851 271 238 987 641 374
21 755 6 E ND